4294967278,59
4294967278,57
4294967278,324
4294967278,55
4294967279,55
4294967279,328
4294967279,50
4294967279,309
4294967279,534
4294967279,47
4294967279,42
4294967279,35
4294967279,26
4294967279,21
4294967279,234
4294967279,232
4294967278,231
4294967278,229
4294967278,224
4294967278,222
4294967279,218
4294967278,216
4294967294,1421
4294967278,211
4294967294,1095
4294967279,207
4294967278,397
4294967278,346
4294967278,349
128,6
4294967279,203
128,5
128,4
4294967279,202
128,3
128,2
128,1
4294967294,1092
4294967294,1090
4294967294,185
4294967294,162
4294967279,539
4294967278,331
4294967279,519
4294967279,564
4294967278,195
4294967279,193
4294967279,560
4294967278,344
4294967279,188
4294967294,481
4294967279,186
4294967278,185
125,4
125,3
125,2
125,1
4294967279,559
4294967294,89
124,4
124,3
124,2
124,1
4294967278,387
4294967279,181
123,6
4294967294,387
4294967279,175
4294967278,176
123,5
4294967279,173
4294967278,172
123,4
4294967278,171
123,3
123,2
123,1
4294967294,114
4294967279,334
4294967278,299
122,5
122,4
122,3
122,2
122,1
4294967294,468
4294967279,286
4294967279,305
4294967278,162
4294967279,324
121,5
4294967278,321
121,4
121,3
121,2
121,1
4294967278,156
4294967294,480
4294967279,314
4294967278,361
4294967278,319
120,5
4294967278,297
4294967279,312
120,4
120,3
120,2
120,1
4294967278,150
4294967294,99
4294967279,288
4294967278,318
119,4
4294967278,146
119,3
119,2
119,1
4294967278,383
0,7
4294967294,1
4294967294,82
4294967279,571
4294967294,0
4294967294,392
4294967294,393
4294967294,389
4294967294,390
4294967294,424
4294967278,396
4294967278,260
4294967279,308
4294967294,46
4294967278,316
4294967294,1000
4294967294,395
4294967294,1001
4294967294,187
4294967294,399
4294967294,186
4294967294,178
4294967294,407
4294967294,420
4294967294,398
4294967294,1173
4294967294,1176
4294967294,444
4294967294,167
4294967294,457
4294967294,450
4294967294,408
4294967294,391
4294967294,455
4294967294,2
4294967294,40
4294967294,41
4294967294,38
4294967294,37
4294967294,36
4294967279,540
4294967279,0
4294967294,471
4294967294,51
4294967294,107
4294967294,91
4294967294,90
4294967294,87
4294967294,86
4294967294,85
4294967294,84
4294967294,1017
4294967294,1175
4294967294,1174
4294967294,29
4294967294,419
4294967294,28
4294967294,1018
4294967294,53
4294967294,417
4294967294,45
4294967294,427
4294967294,44
4294967294,436
4294967294,43
4294967294,96
4294967294,94
4294967294,9
4294967294,8
4294967278,137
4294967279,285
4294967294,92
4294967294,88
4294967279,18
4294967279,17
4294967279,15
4294967279,14
4294967279,12
4294967279,11
4294967278,289
4294967279,283
4294967294,7
4294967278,311
4294967294,5
4294967294,12
4294967294,1016
4294967294,1419
4294967294,83
4294967278,132
4294967278,131
4294967278,130
4294967278,129
4294967278,128
4294967278,127
4294967278,126
4294967278,125
4294967278,124
4294967278,123
4294967278,122
4294967278,0
4294967278,121
4294967278,120
4294967278,119
4294967278,245
4294967278,118
4294967278,117
4294967278,116
4294967278,115
4294967278,114
4294967278,113
4294967278,112
4294967278,111
4294967278,110
4294967278,109
4294967278,108
4294967278,107
4294967278,106
4294967278,105
4294967278,219
4294967278,104
4294967278,103
4294967278,102
4294967278,101
4294967278,100
4294967278,99
4294967278,98
4294967278,97
4294967278,95
4294967278,94
4294967278,93
4294967278,92
4294967278,91
4294967278,90
4294967278,89
4294967278,87
4294967278,86
4294967278,85
4294967278,84
4294967278,329
4294967278,83
4294967278,82
4294967278,81
4294967278,369
4294967278,80
4294967278,79
4294967278,78
4294967278,77
4294967278,76
4294967278,345
4294967278,75
4294967278,74
4294967278,73
4294967278,306
4294967278,72
4294967278,71
4294967278,70
4294967278,69
4294967278,68
4294967278,67
4294967278,66
4294967278,65
4294967278,64
4294967278,63
4294967278,62
4294967278,61
4294967279,82
4294967279,72
4294967279,71
4294967279,70
4294967279,65
4294967279,62
4294967279,61
4294967279,58
4294967279,56
4294967279,53
4294967279,51
4294967279,49
4294967279,45
4294967279,44
4294967279,41
4294967279,39
4294967279,38
4294967279,33
4294967279,30
4294967279,27
4294967279,24
4294967279,22
4294967279,20
4294967279,19
4294967279,13
4294967279,9
4294967279,8
4294967279,7
4294967279,6
4294967279,5
4294967279,4
4294967278,287
4294967278,286
4294967279,532
4294967278,272
4294967279,16
4294967279,278
4294967279,10
4294967279,259
4294967278,384
4294967278,285
4294967278,262
4294967294,421
4294967294,30
4294967294,1167
4294967294,1166
4294967294,1164
4294967294,1163
4294967294,1158
4294967294,1019
4294967294,992
4294967294,990
4294967294,989
4294967294,988
4294967294,987
4294967294,60
4294967294,11
4294967278,395
4294967279,333
4294967278,256
4294967279,553
4294967294,1418
4294967294,1006
4294967294,190
4294967294,173
4294967294,161
4294967294,182
4294967278,354
4294967279,548
4294967278,250
118,6
118,5
118,4
118,3
118,2
118,1
4294967279,545
4294967279,245
4294967279,241
4294967279,239
4294967279,236
4294967278,236
4294967279,235
4294967278,234
4294967279,233
4294967278,230
4294967279,229
4294967279,227
4294967294,479
4294967279,225
4294967279,223
4294967279,221
115,4
4294967278,220
115,3
115,2
115,1
4294967279,219
4294967279,217
4294967279,215
